R:  0.00852965   -0.999945 -0.00606215
       -0.0417155  0.00570127   -0.999113
       0.999093  0.00877497  -0.0416646
t: 0.0609592 -0.144364 -0.0731114

image_width: 720
image_height: 1280
# distortion_parameters:
k1: 0.023456
k2: -0.0644332
p1: 0.0563
p2: 0.000840
k3: 0
# projection_parameters:
fx: 683.8
fy: 684.147
cx(u0): 673.5907
cy(v0): 372.8048